T=8, N=2
1) mean = 42.4446047192
   std= 21.9354186281

T=32, N=4	
2) mean= 6662.97605088
   std= 1374.7294917

T=8, N=2, a=32.0, b=64.0
3) conditional probability= 0.598995405819

T=32, N=4, a=2048.0, b=4096.0
4) conditional probability= 0.918790138803


